Training accuracy = [0.16713607, 0.8545563, 0.9727207, 0.98430836, 0.9861132, 0.98465323, 0.98968834, 0.99059653, 0.99072295, 0.98911357, 0.98859626, 0.9915162, 0.9927002, 0.99238986, 0.98136544, 0.9864926, 0.99238986, 0.99286115, 0.99286115, 0.99501085, 0.9928037, 0.9633057, 0.99447054, 0.99449354, 0.98755014, 0.99602246, 0.99274623, 0.99147016, 0.99452806, 0.99665475]
----------------------
Training loss = [2.715664479244077, 0.43483286211724803, 0.10318153921501175, 0.060383659725711934, 0.05924329154252414, 0.06794681930743972, 0.04826933559365228, 0.0467360080421885, 0.041698673134978534, 0.05302193502398263, 0.05955932379203657, 0.046394197834384414, 0.03576015876849245, 0.03937817512303705, 0.09978909719726434, 0.07360713362609336, 0.03840370999008743, 0.03945315475405404, 0.035228603945550954, 0.026786619698995033, 0.04147422762657278, 0.2399036969864083, 0.027417038997697683, 0.0283213282147466, 0.08212787592715372, 0.02185724383451175, 0.04672239986490265, 0.045994958086442106, 0.029345039354995273, 0.017476301593199108]
----------------------
Validation accuracy = [0.56780046, 0.9548753, 0.969161, 0.96349204, 0.95873016, 0.97120184, 0.98367345, 0.976644, 0.9886621, 0.96666664, 0.98594105, 0.9798186, 0.98480725, 0.99229026, 0.9786848, 0.9882086, 0.984127, 0.98072565, 0.9811791, 0.98684806, 0.9800454, 0.98072565, 0.98276645, 0.9895692, 0.9882086, 0.9884354, 0.9755102, 0.9814059, 0.9802721, 0.9877551]
----------------------
Validation loss = [1.1436168301402847, 0.1797288773146346, 0.15335372209954423, 0.17780243888953512, 0.15097499051872565, 0.13307743273050338, 0.06729837778676935, 0.11912021532553393, 0.05935299716238784, 0.14401339239138866, 0.08022691104415901, 0.09729078747335396, 0.104320360352829, 0.04572481521386273, 0.19719718790099938, 0.06849860959515279, 0.0970441275983711, 0.13742740928214423, 0.10194286902492143, 0.13967136943795258, 0.11777034465388803, 0.08792801562890985, 0.1503542041748154, 0.07234149679811903, 0.08125954865733512, 0.13616431598891426, 0.14469523644913596, 0.1521984998804101, 0.1070083859488537, 0.11046494715878753]
----------------------
----------------------

