Training accuracy = [0.055248365, 0.41947833, 0.883583, 0.9668119, 0.97951466, 0.9834002, 0.9877111, 0.98605573, 0.9777788, 0.9905735, 0.99198747, 0.9876536, 0.98003197, 0.98695236, 0.99147016, 0.98729724, 0.9909299, 0.9950913, 0.9864006, 0.9847222, 0.9949419, 0.99714905, 0.99224037, 0.97043306, 0.97180104, 0.9879525, 0.99183804, 0.98779154, 0.98946995, 0.9899068]
----------------------
Training loss = [3.6089396681619657, 1.6902399430293984, 0.38669117479181325, 0.13576258134048597, 0.0837155351940459, 0.06947476871660345, 0.053824875601975825, 0.061022663455216716, 0.09830406097353853, 0.042507441386935144, 0.03471140776490213, 0.06292678082126944, 0.09985048581872256, 0.0626816535043414, 0.043467568573638454, 0.06926883262016396, 0.045679322525004715, 0.0250327895512755, 0.0746124043578668, 0.08318541396282211, 0.02525088858389609, 0.012494005815229964, 0.04282602923882895, 0.17029791906763633, 0.16403477620725065, 0.06132350849200174, 0.0438265852324005, 0.07429601260047643, 0.07826235898516878, 0.05829870935758016]
----------------------
Validation accuracy = [0.078911565, 0.73333335, 0.9297052, 0.9632653, 0.9723356, 0.9734694, 0.97641724, 0.9643991, 0.9875283, 0.9834467, 0.9791383, 0.9800454, 0.9378685, 0.98707485, 0.9877551, 0.98253965, 0.9886621, 0.9913832, 0.98594105, 0.9755102, 0.9895692, 0.99024945, 0.96394557, 0.97845805, 0.9791383, 0.9895692, 0.9863946, 0.98911566, 0.9818594, 0.9886621]
----------------------
Validation loss = [2.7688873831647323, 0.8831305129187448, 0.26246518648130285, 0.14888691773760615, 0.11249991375234933, 0.11643252380851175, 0.15272892643602526, 0.24053153195619043, 0.08289120374353023, 0.09135732270287278, 0.22912768319263935, 0.11904981481650519, 0.2638172476841749, 0.0738709715370283, 0.12439221697355511, 0.1157068844240522, 0.12369953082650562, 0.07506676768454303, 0.12445406057362925, 0.18540131207766716, 0.06665323945712678, 0.15832722328282267, 0.21585039930278752, 0.44567027789225927, 0.16063105938343708, 0.1922132369544771, 0.08929770561082968, 0.1006158638266158, 0.14950653750643708, 0.06380272964556845]
----------------------
----------------------

