Training accuracy = [0.090540186, 0.61224985, 0.91451794, 0.967858, 0.9678465, 0.99074596, 0.99340147, 0.9943211, 0.99288416, 0.9857913, 0.9949074, 0.98028487, 0.9939073, 0.9969766, 0.99564314, 0.9962294, 0.98267597, 0.9901137, 0.9981262, 0.9950798, 0.9917116, 0.9972525, 0.99211395, 0.99641335, 0.99755144, 0.990562, 0.99122876, 0.9964593, 0.9975859, 0.9968157]
----------------------
Training loss = [3.1441038933893757, 1.0667210945482672, 0.2436997590600868, 0.11582648067089477, 0.11675095002060218, 0.03622507775235754, 0.025663383979349943, 0.02278477442264801, 0.029531593998569333, 0.05928617891237565, 0.021755236631410088, 0.0829565706988142, 0.02671586878904448, 0.015014237346882781, 0.021268598703620693, 0.017570930494113724, 0.08723504722334557, 0.04188089483436317, 0.009009784409580203, 0.022489288563154054, 0.04053673015813599, 0.01265589891596612, 0.029626470031962643, 0.020476855052342088, 0.011786493938042195, 0.06096477855508377, 0.04764323189869525, 0.016884911983478423, 0.014974655454705145, 0.016333442760704694]
----------------------
Validation accuracy = [0.17687075, 0.74807256, 0.9172336, 0.8698413, 0.9734694, 0.9687075, 0.97641724, 0.9746032, 0.98072565, 0.97324264, 0.97755104, 0.97755104, 0.9802721, 0.9913832, 0.98049885, 0.9809524, 0.9718821, 0.9882086, 0.9809524, 0.98276645, 0.98367345, 0.985034, 0.98390025, 0.9904762, 0.9882086, 0.9539682, 0.9687075, 0.9802721, 0.985034, 0.9907029]
----------------------
Validation loss = [2.28153935624899, 0.685995909091837, 0.4610987272459904, 0.48002741509824653, 0.21480193317206808, 0.1756284881915365, 0.27879856218691584, 0.18825302251747678, 0.08674052478639988, 0.21415202781186352, 0.1595378846741047, 0.12892358750442798, 0.08790017375870357, 0.04473944574324182, 0.10920209045312843, 0.11261358542236882, 0.16016437875237866, 0.07337761853490016, 0.12301239969035666, 0.1612216620556081, 0.10778146046562259, 0.1648218580992584, 0.368618217036297, 0.061189180499369326, 0.07655121321682216, 0.25555004455875646, 0.20252444887377508, 0.09374137317039528, 0.12539143245709455, 0.0682772068530659]
----------------------
----------------------

