Training accuracy = [0.029038154, 0.075699225, 0.17007898, 0.36817297, 0.6562439, 0.83541596, 0.91792065, 0.9285197, 0.96574277, 0.9721689, 0.973146, 0.9500167, 0.9896424, 0.9896654, 0.9936084, 0.9927117, 0.9924128, 0.98998725, 0.9895274, 0.9924473, 0.991953, 0.99150467, 0.993183, 0.99425215, 0.9826185, 0.98969984, 0.9914242, 0.994597, 0.9941717, 0.9968502]
----------------------
Training loss = [4.030419089805149, 3.062881711127121, 2.316077754925338, 1.6093534334650734, 0.845548539052585, 0.4605567968891807, 0.2536441962099874, 0.2516539238227917, 0.1589642119951495, 0.13541250808339653, 0.11332920351002089, 0.19291042467908848, 0.05454229652173471, 0.053066649915353, 0.03307326038199134, 0.0357688774925686, 0.04202035861965058, 0.046304919380764815, 0.05717210426034486, 0.040048548666852764, 0.04568316016163054, 0.04710691029309854, 0.0401173826666316, 0.031146588379675627, 0.09814006209975248, 0.06118619816497904, 0.04788640513887677, 0.028827007195260903, 0.030987799546177905, 0.01853656666708684]
----------------------
Validation accuracy = [0.039909296, 0.08798186, 0.27052155, 0.57188207, 0.8206349, 0.8961451, 0.94058955, 0.9394558, 0.9798186, 0.90702945, 0.9716553, 0.975737, 0.9802721, 0.976644, 0.9802721, 0.9786848, 0.9875283, 0.98594105, 0.9750567, 0.98571426, 0.97959185, 0.9791383, 0.98276645, 0.9718821, 0.9786848, 0.9727891, 0.98367345, 0.98163265, 0.99024945, 0.99342406]
----------------------
Validation loss = [3.468106814576925, 2.7017086582659595, 1.819602722267445, 1.013969437984112, 0.53429850347999, 0.44492494709908015, 0.36432731288090314, 0.28335490391638274, 0.1511332266657801, 0.3437464728377033, 0.26251799916329027, 0.12784572929616958, 0.21902349899415255, 0.16336127313660656, 0.12031294801810971, 0.12073326299385148, 0.07897122678370162, 0.07069166810536871, 0.16182679502872113, 0.08091399632140893, 0.11036369747180247, 0.12646175272205248, 0.12437905551624946, 0.16144237571697928, 0.10927319973369304, 0.16209938647119906, 0.10703673143100306, 0.22542084827174405, 0.09344193994863774, 0.05824902083158763]
----------------------
----------------------

