Training accuracy = [0.04347676, 0.14006369, 0.34206623, 0.6671418, 0.87159294, 0.94602764, 0.9783421, 0.9860327, 0.9702951, 0.9930221, 0.99427515, 0.9949074, 0.99588454, 0.997218, 0.96738666, 0.9956086, 0.99642485, 0.99182653, 0.99586153, 0.99742496, 0.9970916, 0.99832165, 0.9968272, 0.98062974, 0.9939533, 0.9950913, 0.99526376, 0.9977239, 0.99720657, 0.99780434]
----------------------
Training loss = [3.5794828156027454, 2.581440041934567, 1.7214756573989283, 0.8720508943764625, 0.39678014362058034, 0.190198723694904, 0.08781697861506378, 0.056061443829657304, 0.11883260199409379, 0.027575231450946733, 0.023759309819966875, 0.0215843949927268, 0.016314796052933005, 0.011843587275991073, 0.1251781773655342, 0.020163684275241664, 0.014032936016113232, 0.03883563651588838, 0.016909777738609078, 0.010271392311308544, 0.011749962296191584, 0.007563900315514789, 0.013923403761429497, 0.08895090124362615, 0.027659695603810874, 0.022781321052477065, 0.02217530150606153, 0.010968604691715393, 0.0127325139435394, 0.009177565656334385]
----------------------
Validation accuracy = [0.071428575, 0.16145125, 0.4287982, 0.73945576, 0.8972789, 0.88117915, 0.94489795, 0.9594104, 0.95328796, 0.961678, 0.96780044, 0.9557823, 0.96417236, 0.96417236, 0.97097504, 0.97301584, 0.98049885, 0.9562358, 0.9727891, 0.96349204, 0.9811791, 0.9782313, 0.97959185, 0.9759637, 0.9702948, 0.975737, 0.98594105, 0.9780045, 0.9852608, 0.98276645]
----------------------
Validation loss = [3.1487001836435056, 2.3197902078260912, 1.5768633274804977, 0.8350443281824627, 0.4189223652929405, 0.4494163429115365, 0.28290153703992327, 0.25969022079930554, 0.3566924208821623, 0.1924013481794301, 0.19045895822599632, 0.26109072194348115, 0.19501319157969113, 0.2043067565039983, 0.12772472361588424, 0.158584838720406, 0.12100885951735266, 0.34302890529167623, 0.1902033373206651, 0.2186829375639524, 0.1279846299971853, 0.14454864386190364, 0.13008534830578872, 0.1237791549726949, 0.22148419138795936, 0.13174774494706368, 0.07320255286603017, 0.11010159003187199, 0.08395465203727724, 0.09735654102228666]
----------------------
----------------------

